create database Criacao_DB_Tarde;
go
use Criacao_DB_Tarde; -- Seleciona o banco de dados 'Teste_Dev_Tarde'
go
create table OrderDetails(
	OrderDetailID Int,
	OrderID Int,
	ProductID Int,
	Quantity Int
);
go 
-- Adiciona Informações em cada linha
INSERT INTO OrderDetails (OrderDetailID, OrderID, ProductID, Quantity) VALUES
(1, 10248, 11, 12),
(2, 10248, 42, 10),
(3, 10248, 72, 5),
(4, 10249, 14, 9),
(5, 10249, 51, 40),
(6, 10250, 41, 10),
(7, 10250, 51, 35),
(8, 10250, 65, 15),
(9, 10251, 22, 6),
(10, 10251, 57, 15),
(11, 10251, 65, 20),
(12, 10252, 20, 40),
(13, 10252, 33, 25),
(14, 10252, 60, 40),
(15, 10253, 31, 20),
(16, 10253, 39, 42),
(17, 10253, 49, 40),
(18, 10254, 24, 15),
(19, 10254, 55, 21),
(20, 10254, 74, 21),
(21, 10255, 35, 18),
(22, 10255, 51, 6),
(23, 10256, 6, 15),
(24, 10256, 51, 35),
(25, 10256, 70, 20),
(26, 10257, 4, 35),
(27, 10257, 51, 25),
(28, 10258, 4, 23),
(29, 10258, 45, 40),
(30, 10258, 60, 30),
(31, 10259, 17, 36),
(32, 10259, 24, 40),
(33, 10259, 54, 32),
(34, 10260, 60, 50),
(35, 10260, 64, 21),
(36, 10260, 77, 3),
(37, 10261, 15, 28),
(38, 10261, 34, 36),
(39, 10261, 50, 20),
(40, 10262, 35, 25),
(41, 10262, 52, 40),
(42, 10263, 13, 36),
(43, 10263, 45, 14),
(44, 10263, 59, 15),
(45, 10264, 50, 7),
(46, 10264, 64, 15),
(47, 10264, 70, 20),
(48, 10265, 12, 50),
(49, 10265, 43, 30),
(50, 10265, 65, 15),
(51, 10266, 11, 9),
(52, 10266, 28, 15),
(53, 10266, 50, 27),
(54, 10267, 13, 30),
(55, 10267, 32, 25),
(56, 10267, 63, 12),
(57, 10268, 9, 6),
(58, 10268, 44, 15),
(59, 10268, 74, 20),
(60, 10269, 6, 25),
(61, 10269, 41, 12),
(62, 10269, 61, 25),
(63, 10270, 38, 28),
(64, 10270, 50, 18),
(65, 10270, 66, 10),
(66, 10271, 16, 10),
(67, 10271, 42, 20),
(68, 10271, 58, 35),
(69, 10272, 11, 18),
(70, 10272, 53, 6),
(71, 10272, 72, 35),
(72, 10273, 25, 22),
(73, 10273, 36, 25),
(74, 10273, 67, 17),
(75, 10274, 8, 35),
(76, 10274, 25, 25),
(77, 10274, 58, 30),
(78, 10275, 6, 12),
(79, 10275, 23, 50),
(80, 10275, 33, 40),
(81, 10276, 21, 30),
(82, 10276, 50, 40),
(83, 10277, 13, 15),
(84, 10277, 25, 20),
(85, 10277, 60, 22),
(86, 10278, 37, 20),
(87, 10278, 43, 25),
(88, 10278, 66, 10),
(89, 10279, 28, 30),
(90, 10279, 53, 35),
(91, 10280, 22, 15),
(92, 10280, 30, 12),
(93, 10280, 70, 30),
(94, 10281, 42, 7),
(95, 10281, 51, 5),
(96, 10281, 65, 20),
(97, 10282, 14, 20),
(98, 10282, 33, 40),
(99, 10282, 46, 25),
(100, 10283, 35, 22),
(101, 10284, 12, 40),
(102, 10284, 43, 22),
(103, 10285, 26, 30),
(104, 10285, 58, 35),
(105, 10285, 61, 50),
(106, 10286, 17, 18),
(107, 10286, 44, 23),
(108, 10286, 53, 27),
(109, 10287, 38, 36),
(110, 10287, 44, 15),
(111, 10287, 50, 50),
(112, 10288, 33, 45),
(113, 10288, 57, 28),
(114, 10288, 66, 18),
(115, 10289, 28, 40),
(116, 10289, 51, 32),
(117, 10289, 72, 25),
(118, 10290, 13, 45),
(119, 10290, 22, 12),
(120, 10290, 51, 19),
(121, 10291, 12, 15),
(122, 10291, 36, 30),
(123, 10291, 54, 50),
(124, 10292, 43, 10),
(125, 10292, 66, 40),
(126, 10292, 72, 24),
(127, 10293, 14, 30),
(128, 10293, 28, 22),
(129, 10293, 50, 40),
(130, 10294, 13, 27),
(131, 10294, 44, 45),
(132, 10294, 64, 19),
(133, 10295, 20, 30),
(134, 10295, 51, 20),
(135, 10295, 73, 12),
(136, 10296, 32, 25),
(137, 10296, 44, 18),
(138, 10296, 53, 30),
(139, 10297, 11, 20),
(140, 10297, 61, 35),
(141, 10297, 66, 40),
(142, 10298, 28, 50),
(143, 10298, 47, 18),
(144, 10298, 56, 45),
(145, 10299, 32, 36),
(146, 10299, 41, 23),
(147, 10299, 53, 28),
(148, 10300, 14, 30),
(149, 10300, 41, 32),
(150, 10300, 61, 20),
(151, 10301, 26, 50),
(152, 10301, 48, 27),
(153, 10301, 64, 22),
(154, 10302, 33, 40),
(155, 10302, 55, 12),
(156, 10302, 61, 50),
(157, 10303, 45, 32),
(158, 10303, 66, 28),
(159, 10303, 72, 35),
(160, 10304, 41, 25),
(161, 10304, 48, 20),
(162, 10304, 53, 12),
(163, 10305, 35, 40),
(164, 10305, 44, 50),
(165, 10305, 64, 30),
(166, 10306, 51, 15),
(167, 10306, 61, 28),
(168, 10306, 70, 40),
(169, 10307, 11, 20),
(170, 10307, 33, 30),
(171, 10307, 60, 50),
(172, 10308, 26, 22),
(173, 10308, 41, 35),
(174, 10308, 64, 45),
(175, 10309, 32, 18),
(176, 10309, 47, 30),
(177, 10309, 60, 10),
(178, 10310, 28, 50),
(179, 10310, 36, 20),
(180, 10310, 53, 25),
(181, 10311, 14, 28),
(182, 10311, 28, 45),
(183, 10311, 51, 50),
(184, 10312, 12, 30),
(185, 10312, 47, 40),
(186, 10312, 61, 22),
(187, 10313, 41, 18),
(188, 10313, 48, 25),
(189, 10313, 64, 20),
(190, 10314, 33, 40),
(191, 10314, 44, 28),
(192, 10314, 61, 36),
(193, 10315, 12, 50),
(194, 10315, 36, 45),
(195, 10315, 51, 25),
(196, 10316, 26, 40),
(197, 10316, 48, 35),
(198, 10316, 64, 32),
(199, 10317, 41, 12),
(200, 10317, 53, 50),
(201, 10318, 32, 18),
(202, 10318, 41, 22),
(203, 10318, 60, 30),
(204, 10319, 14, 35),
(205, 10319, 28, 20),
(206, 10319, 47, 50),
(207, 10320, 12, 40),
(208, 10320, 41, 25),
(209, 10320, 53, 30),
(210, 10321, 26, 45),
(211, 10321, 50, 12),
(212, 10321, 61, 35),
(213, 10322, 28, 50),
(214, 10322, 41, 20),
(215, 10322, 64, 28),
(216, 10323, 32, 36),
(217, 10323, 47, 22),
(218, 10323, 60, 50),
(219, 10324, 14, 40),
(220, 10324, 48, 28),
(221, 10324, 53, 30),
(222, 10325, 26, 50),
(223, 10325, 44, 25),
(224, 10325, 61, 12),
(225, 10326, 28, 30),
(226, 10326, 47, 22),
(227, 10326, 64, 40),
(228, 10327, 32, 45),
(229, 10327, 41, 50),
(230, 10327, 53, 35),
(231, 10328, 12, 25),
(232, 10328, 36, 20),
(233, 10328, 60, 50),
(234, 10329, 41, 12),
(235, 10329, 48, 40),
(236, 10329, 64, 35),
(237, 10330, 33, 50),
(238, 10330, 44, 30),
(239, 10330, 61, 12),
(240, 10331, 14, 40),
(241, 10331, 36, 25),
(242, 10331, 50, 20),
(243, 10332, 26, 50),
(244, 10332, 41, 35),
(245, 10332, 53, 30),
(246, 10333, 28, 45),
(247, 10333, 47, 40),
(248, 10333, 64, 50),
(249, 10334, 32, 30),
(250, 10334, 41, 25),
(251, 10334, 60, 12),
(252, 10335, 14, 50),
(253, 10335, 47, 36),
(254, 10335, 53, 30),
(255, 10336, 28, 45),
(256, 10336, 44, 35),
(257, 10336, 64, 50),
(258, 10337, 33, 50),
(259, 10337, 41, 25),
(260, 10337, 60, 28),
(261, 10338, 12, 30),
(262, 10338, 44, 45),
(263, 10338, 53, 25),
(264, 10339, 32, 50),
(265, 10339, 47, 28),
(266, 10339, 61, 40),
(267, 10340, 28, 35),
(268, 10340, 44, 40),
(269, 10340, 64, 50),
(270, 10341, 32, 22),
(271, 10341, 41, 45),
(272, 10341, 60, 35),
(273, 10342, 12, 30),
(274, 10342, 47, 50),
(275, 10342, 64, 40),
(276, 10343, 33, 25),
(277, 10343, 44, 35),
(278, 10343, 61, 28),
(279, 10344, 32, 45),
(280, 10344, 41, 50),
(281, 10344, 60, 35),
(282, 10345, 28, 30),
(283, 10345, 47, 22),
(284, 10345, 61, 50),
(285, 10346, 12, 50),
(286, 10346, 41, 45),
(287, 10346, 60, 30),
(288, 10347, 33, 50),
(289, 10347, 47, 25),
(290, 10347, 61, 40),
(291, 10348, 32, 40),
(292, 10348, 41, 50),
(293, 10348, 53, 25),
(294, 10349, 28, 50),
(295, 10349, 47, 35),
(296, 10349, 64, 30),
(297, 10350, 32, 25),
(298, 10350, 41, 50),
(299, 10350, 60, 45),
(300, 10351, 12, 50),
(301, 10352, 14, 30),
(302, 10352, 36, 25),
(303, 10352, 53, 20),
(304, 10353, 28, 40),
(305, 10353, 44, 35),
(306, 10353, 60, 50),
(307, 10354, 32, 25),
(308, 10354, 41, 45),
(309, 10354, 61, 30),
(310, 10355, 12, 40),
(311, 10355, 47, 35),
(312, 10355, 64, 50),
(313, 10356, 33, 20),
(314, 10356, 44, 25),
(315, 10356, 60, 50),
(316, 10357, 28, 50),
(317, 10357, 41, 40),
(318, 10357, 53, 30),
(319, 10358, 32, 35),
(320, 10358, 47, 50),
(321, 10358, 61, 45),
(322, 10359, 12, 50),
(323, 10359, 36, 40),
(324, 10359, 53, 25),
(325, 10360, 28, 50),
(326, 10360, 47, 30),
(327, 10360, 64, 40),
(328, 10361, 33, 45),
(329, 10361, 44, 35),
(330, 10361, 60, 50),
(331, 10362, 12, 40),
(332, 10362, 47, 20),
(333, 10362, 61, 30),
(334, 10363, 32, 50),
(335, 10363, 41, 40),
(336, 10363, 53, 30),
(337, 10364, 28, 35),
(338, 10364, 44, 50),
(339, 10364, 64, 30),
(340, 10365, 12, 40),
(341, 10365, 36, 45),
(342, 10365, 53, 25),
(343, 10366, 32, 50),
(344, 10366, 47, 40),
(345, 10366, 61, 30),
(346, 10367, 33, 25),
(347, 10367, 44, 35),
(348, 10367, 60, 40),
(349, 10368, 28, 30),
(350, 10368, 41, 50),
(351, 10368, 53, 25),
(352, 10369, 12, 40),
(353, 10369, 47, 50),
(354, 10369, 61, 35),
(355, 10370, 32, 20),
(356, 10370, 41, 40),
(357, 10370, 53, 30),
(358, 10371, 28, 25),
(359, 10371, 44, 50),
(360, 10371, 64, 40),
(361, 10372, 33, 30),
(362, 10372, 44, 35),
(363, 10372, 60, 50),
(364, 10373, 12, 50),
(365, 10373, 41, 20),
(366, 10373, 53, 25),
(367, 10374, 32, 45),
(368, 10374, 47, 30),
(369, 10374, 61, 35),
(370, 10375, 28, 40),
(371, 10375, 44, 25),
(372, 10375, 53, 50),
(373, 10376, 32, 30),
(374, 10376, 41, 45),
(375, 10376, 53, 40),
(376, 10377, 12, 50),
(377, 10377, 47, 30),
(378, 10377, 61, 40),
(379, 10378, 32, 35),
(380, 10378, 41, 50),
(381, 10378, 64, 30),
(382, 10379, 33, 50),
(383, 10379, 44, 25),
(384, 10379, 60, 40),
(385, 10380, 28, 40),
(386, 10380, 47, 25),
(387, 10380, 61, 50),
(388, 10381, 12, 50),
(389, 10381, 41, 30),
(390, 10381, 53, 40),
(391, 10382, 32, 40),
(392, 10382, 44, 50),
(393, 10382, 64, 35),
(394, 10383, 33, 25),
(395, 10383, 41, 30),
(396, 10383, 53, 40),
(397, 10384, 12, 50),
(398, 10384, 47, 30),
(399, 10384, 64, 35),
(400, 10385, 32, 25),
(401, 10386, 41, 40),
(402, 10386, 53, 50),
(403, 10386, 64, 30),
(404, 10387, 12, 30),
(405, 10387, 47, 50),
(406, 10387, 61, 25),
(407, 10388, 32, 45),
(408, 10388, 44, 40),
(409, 10388, 64, 50),
(410, 10389, 33, 30),
(411, 10389, 41, 35),
(412, 10389, 53, 25),
(413, 10390, 28, 50),
(414, 10390, 44, 45),
(415, 10390, 61, 30),
(416, 10391, 12, 40),
(417, 10391, 47, 50),
(418, 10391, 64, 30),
(419, 10392, 32, 30),
(420, 10392, 41, 50),
(421, 10392, 53, 40),
(422, 10393, 28, 40),
(423, 10393, 44, 25),
(424, 10393, 61, 50),
(425, 10394, 12, 35),
(426, 10394, 47, 30),
(427, 10394, 64, 40),
(428, 10395, 33, 50),
(429, 10395, 41, 25),
(430, 10395, 53, 30),
(431, 10396, 28, 40),
(432, 10396, 47, 45),
(433, 10396, 64, 50),
(434, 10397, 12, 50),
(435, 10397, 41, 35),
(436, 10397, 53, 30),
(437, 10398, 32, 40),
(438, 10398, 44, 30),
(439, 10398, 64, 50),
(440, 10399, 33, 30),
(441, 10399, 41, 50),
(442, 10399, 53, 40),
(443, 10400, 12, 40),
(444, 10400, 47, 50),
(445, 10400, 64, 25),
(446, 10401, 28, 50),
(447, 10401, 41, 30),
(448, 10401, 53, 25),
(449, 10402, 32, 50),
(450, 10402, 44, 30),
(451, 10402, 64, 45),
(452, 10403, 33, 25),
(453, 10403, 41, 40),
(454, 10403, 53, 50),
(455, 10404, 12, 30),
(456, 10404, 47, 25),
(457, 10404, 64, 50),
(458, 10405, 32, 35),
(459, 10405, 41, 50),
(460, 10405, 53, 40),
(461, 10406, 28, 25),
(462, 10406, 44, 50),
(463, 10406, 64, 30),
(464, 10407, 12, 50),
(465, 10407, 47, 30),
(466, 10407, 61, 40),
(467, 10408, 32, 40),
(468, 10408, 44, 30),
(469, 10408, 64, 50),
(470, 10409, 33, 30),
(471, 10409, 41, 35),
(472, 10409, 53, 25),
(473, 10410, 28, 50),
(474, 10410, 47, 45),
(475, 10410, 64, 40),
(476, 10411, 32, 30),
(477, 10411, 41, 40),
(478, 10411, 53, 50),
(479, 10412, 28, 35),
(480, 10412, 44, 50),
(481, 10412, 64, 30),
(482, 10413, 12, 50),
(483, 10413, 47, 30),
(484, 10413, 64, 40),
(485, 10414, 33, 25),
(486, 10414, 41, 30),
(487, 10414, 53, 50),
(488, 10415, 28, 30),
(489, 10415, 44, 40),
(490, 10415, 61, 35),
(491, 10416, 12, 40),
(492, 10416, 47, 50),
(493, 10416, 64, 25),
(494, 10417, 32, 50),
(495, 10417, 41, 30),
(496, 10417, 53, 40),
(497, 10418, 28, 35),
(498, 10418, 44, 50),
(499, 10418, 64, 40),
(500, 10419, 12, 50),
(501, 10437, 53, 15),
(502, 10438, 19, 15),
(503, 10438, 34, 20),
(504, 10438, 57, 15),
(505, 10439, 12, 15),
(506, 10439, 16, 16),
(507, 10439, 64, 6 ),
(508, 10439, 74, 30),
(509, 10440, 2 , 45),
(510, 10440, 16, 49),
(511, 10440, 29, 24),
(512, 10440, 61, 90),
(513, 10441, 27, 50),
(514, 10442, 11, 30),
(515, 10442, 54, 80),
(516, 10442, 66, 60),
(517, 10443, 11, 6 ),
(518, 10443, 28, 12)
